3.15805e+11
2.58908e+11
1.3218e+11
-3.59518e+09
-1.05814e+11
-1.53708e+11
-1.45755e+11
-1.01213e+11
-5.54927e+10
-3.36432e+10
-4.1268e+10
-6.716e+10
-9.00081e+10
-9.18581e+10
-6.23765e+10
2.1618e+09
9.18881e+10
1.73238e+11
2.07792e+11
1.82992e+11
1.14235e+11
2.73358e+10
-5.0727e+10
-9.76964e+10
-1.07696e+11
-9.1337e+10
-6.6092e+10
-4.35518e+10
-2.94764e+10
-2.46335e+10
-2.60895e+10
-2.93292e+10
-2.70169e+10
-1.12691e+10
2.04921e+10
6.03384e+10
9.29939e+10
1.04115e+11
8.88903e+10
5.2596e+10
7.47928e+09
-3.14747e+10
-5.43597e+10
-5.92566e+10
-5.20641e+10
-4.03728e+10
-2.94554e+10
-2.17858e+10
-1.72815e+10
-1.41059e+10
-9.75342e+09
-1.86609e+09
1.08622e+10
2.70161e+10
4.17945e+10
4.96247e+10
4.72202e+10
3.48031e+10
1.57642e+10
-4.40873e+09
-2.03748e+10
-2.92921e+10
-3.13682e+10
-2.85658e+10
-2.33999e+10
-1.78598e+10
-1.28405e+10
-8.29149e+09
-3.61826e+09
1.90457e+09
8.80325e+09
1.6448e+10
2.29907e+10
2.63266e+10
2.49769e+10
1.8775e+10
9.10223e+09
-1.4856e+09
-1.04296e+10
-1.62532e+10
-1.86555e+10
-1.82166e+10
-1.59334e+10
-1.26358e+10
-8.68512e+09
-4.21559e+09
6.57676e+08
5.67129e+09
1.03127e+10
1.38058e+10
1.53776e+10
1.46185e+10
1.15818e+10
6.78069e+09
1.18432e+09
-4.02765e+09
-7.95406e+09
-1.02728e+10
-1.1094e+10
-1.06865e+10
-9.30845e+09
-7.09147e+09
-4.12755e+09
-5.92763e+08
3.18612e+09
6.63113e+09
9.15367e+09
1.0263e+10
9.70159e+09
7.66243e+09
4.44844e+09
7.11473e+08
-2.7896e+09
-5.38838e+09
-6.76029e+09
-6.94374e+09
-6.22976e+09
-5.00102e+09
-3.53972e+09
-1.97618e+09
-3.76791e+08
1.27319e+09
2.96895e+09
4.51893e+09
5.53915e+09
5.73353e+09
4.99885e+09
3.38101e+09
1.1844e+09
-1.09578e+09
-3.00933e+09
-4.2396e+09
-4.57867e+09
-4.08565e+09
-3.04728e+09
-1.74892e+09
-4.67936e+08
4.98018e+08
1.09019e+09
1.51385e+09
1.90773e+09
2.23374e+09
2.41654e+09
2.33858e+09
1.85149e+09
9.79556e+08
-1.14018e+08
-1.20094e+09
-2.04453e+09
-2.42967e+09
-2.29297e+09
-1.7166e+09
-8.15334e+08
1.73559e+08
8.91998e+08
1.14152e+09
9.7576e+08
5.87278e+08
2.34419e+08
1.33296e+08
2.76765e+08
4.67655e+08
5.58218e+08
4.37488e+08
6.38065e+07
-4.15772e+08
-7.89955e+08
-9.5248e+08
-8.447e+08
-4.48931e+08
1.01768e+08
5.70728e+08
8.14938e+08
7.50503e+08
3.5446e+08
-1.82396e+08
-5.38793e+08
-5.89234e+08
-3.97966e+08
-4.38907e+07
2.92997e+08
4.12597e+08
3.17912e+08
1.20347e+08
-1.22324e+08
-3.36942e+08
-3.94622e+08
-2.81849e+08
-7.81113e+07
1.80955e+08
4.59618e+08
5.92503e+08
4.84658e+08
2.41724e+08
-1.70647e+07
-2.4518e+08
-3.89682e+08
-4.23033e+08
-3.81517e+08
-2.99597e+08
0
0
0
0
0
0
0
0
0
0
0
0
0
0
0
0
0
0
0
0
0
0
0
0
0
0
0
0
0
0
0
0
0
0
0
0
0
0
0
0
0
0
0
0
0
0
0
0
0
0
0
0
0
0
0
0
0
0
0
0
0
0
0
0
0
0
0
0
0
0
0
0
0
0
0
0
0
0
0
0
0
0
0
0
0
0
0
0
0
0
0
0
0
0
0
0
0
0
0
0
0
0
0
0
0
0
0
0
0
0
0
0
0
0
0
0
0
0
0
0
0
0
0
0
0
0
0
0
0
0
0
0
0
0
0
0
0
0
0
0
0
0
0
0
0
0
0
0
0
0
0
0
0
0
0
0
0
0
0
0
0
0
0
0
0
0
0
0
0
0
0
0
0
0
0
0
0
0
0
0
0
0
0
0
0
0
0
0
0
0
0
0
0
0
0
0
0
0
0
0
0
0
0
0
0
0
0
0
0
0
0
0
0
0
0
0
0
0
0
0
0
0
0
0
0
0
0
0
0
0
0
0
0
0
0
0
0
0
0
0
0
0
0
0
0
0
0
0
0
0
0
0
0
0
0
0
0
0
0
0
0
0
0
0
0
0
0
0
0
0
0
0
0
0
0
0
0
0
0
0
0
0
0
0
0
0
0
0
0
0
0
0
0
0
0
0
0
0
0
0
0
0
0
0
0
0
0
0
0
0
0
0
0
0
0
0
0
0
0
0
0
0
0
0
0
0
0
0
0
0
0
0
0
0
0
0
0
0
0
0
0
0
0
0
0
0
0
0
0
0
0
0
0
0
0
0
0
0
0
0
0
0
0
0
0
0
0
0
0
0
0
0
0
0
0
0
0
0
0
0
0
0
0
0
0
0
0
0
0
0
0
0
0
0
0
0
0
0
0
0
0
0
0
0
0
0
0
0
0
0
0
0
0
0
0
0
0
0
0
0
0
0
0
0
0
0
0
0
0
0
0
0
0
0
0
0
0
0
0
0
0
0
0
0
0
0
0
0
0
0
0
0
0
0
0
0
0
0
0
0
0
0
0
0
0
0
0
0
0
0
0
0
0
0
0
0
0
0
0
0
0
0
0
0
0
0
0
0
0
0
0
0
0
0
0
0
0
0
0
0
0
0
0
0
0
0
0
0
0
0
0
0
0
0
0
0
0
0
0
0
0
0
0
0
0
0
0
0
0
0
0
0
0
0
0
0
0
0
0
0
0
0
0
0
0
0
0
0
0
0
0
0
0
0
0
0
0
0
0
0
0
0
0
0
0
0
0
0
0
0
0
0
0
0
0
0
0
0
0
0
0
0
0
0
0
0
0
0
0
0
0
0
0
0
0
0
0
0
0
0
0
0
0
0
0
0
0
0
0
0
0
0
0
0
0
0
0
0
0
0
0
0
0
0
0
0
0
0
0
0
0
0
0
0
0
0
0
0
0
0
0
0
0
0
0
0
0
0
0
0
0
0
0
0
0
0
0
0
0
0
0
0
0
0
0
0
0
0
0
0
0
0
0
0
0
0
0
0
0
0
0
0
0
0
0
0
0
0
0
0
0
0
0
0
0
0
0
0
0
0
0
0
0
0
0
0
0
0
0
0
0
0
0
0
0
0
0
0
0
0
0
0
0
0
0
0
0
0
0
0
0
0
0
0
0
0
0
0
0
0
0
0
0
0
0
0
0
0
0
0
0
0
0
0
0
0
0
0
0
0
0
0
0
0
0
0
0
0
0
0
0
0
0
0
0
0
0
0
0
0
0
0
0
0
0
0
0
0
0
0
0
0
0
0
0
0
0
0
0
0
0
